256
	(8, 32)
	(16, 16)
**********
1024
	(8, 128)
	(16, 64)
	(32, 32)
**********
4096
	(8, 512)
	(16, 256)
	(32, 128)
	(64, 64)
**********
16384
	(8, 2048)
	(16, 1024)
	(32, 512)
	(64, 256)
	(128, 128)
**********
65536
	(8, 8192)
	(16, 4096)
	(32, 2048)
	(64, 1024)
	(128, 512)
	(256, 256)
**********
262144
	(8, 32768)
	(16, 16384)
	(32, 8192)
	(64, 4096)
	(128, 2048)
	(256, 1024)
	(512, 512)
**********
1048576
	(8, 131072)
	(16, 65536)
	(32, 32768)
	(64, 16384)
	(128, 8192)
	(256, 4096)
	(512, 2048)
	(1024, 1024)
**********
