1024
	(4, 256)
	(8, 128)
	(16, 64)
	(32, 32)
**********
4096
	(4, 1024)
	(8, 512)
	(16, 256)
	(32, 128)
	(64, 64)
**********
16384
	(4, 4096)
	(8, 2048)
	(16, 1024)
	(32, 512)
	(64, 256)
	(128, 128)
**********
65536
	(4, 16384)
	(8, 8192)
	(16, 4096)
	(32, 2048)
	(64, 1024)
	(128, 512)
	(256, 256)
**********
262144
	(4, 65536)
	(8, 32768)
	(16, 16384)
	(32, 8192)
	(64, 4096)
	(128, 2048)
	(256, 1024)
	(512, 512)
**********
1048576
	(4, 262144)
	(8, 131072)
	(16, 65536)
	(32, 32768)
	(64, 16384)
	(128, 8192)
	(256, 4096)
	(512, 2048)
	(1024, 1024)
**********
4194304
	(4, 1048576)
	(8, 524288)
	(16, 262144)
	(32, 131072)
	(64, 65536)
	(128, 32768)
	(256, 16384)
	(512, 8192)
	(1024, 4096)
	(2048, 2048)
**********
16777216
	(4, 4194304)
	(8, 2097152)
	(16, 1048576)
	(32, 524288)
	(64, 262144)
	(128, 131072)
	(256, 65536)
	(512, 32768)
	(1024, 16384)
	(2048, 8192)
	(4096, 4096)
**********
67108864
	(4, 16777216)
	(8, 8388608)
	(16, 4194304)
	(32, 2097152)
	(64, 1048576)
	(128, 524288)
	(256, 262144)
	(512, 131072)
	(1024, 65536)
	(2048, 32768)
	(4096, 16384)
	(8192, 8192)
**********
268435456
	(4, 67108864)
	(8, 33554432)
	(16, 16777216)
	(32, 8388608)
	(64, 4194304)
	(128, 2097152)
	(256, 1048576)
	(512, 524288)
	(1024, 262144)
	(2048, 131072)
	(4096, 65536)
	(8192, 32768)
	(16384, 16384)
**********
